59 604 60 37 44 261 -37 -2885 -251 -251 
98 1006 99 57 65 483 -14 -2861 -228 -515 
-400 -4040 -420 -238 -256 -2310 -330 -1490 -436 -362 
83 814 93 69 85 339 -54 -5177 -431 963 
700 5450 1125 1092 1309 4170 1895 6680 2664 60458 
72 630 99 84 99 414 129 144 156 3654 
20 202 21 14 17 84 -15 -1154 -100 16 
0.003735
59 604 60 37 44 261 -37 -2885 -251 -251 
98 1006 99 57 65 483 -14 -2861 -228 -515 
-400 -4040 -420 -238 -256 -2310 -330 -1490 -436 -362 
83 814 93 69 85 339 -54 -5177 -431 963 
700 5450 1125 1092 1309 4170 1895 6680 2664 60458 
72 630 99 84 99 414 129 144 156 3654 
20 202 21 14 17 84 -15 -1154 -100 16 
0.000349
